BCБСнЗic 614,653000 -716,746000 Здание 1689241271,054000
CijйУчЬшpЧ -549,214000 972,471000 Здание 1655152318,093000
CЛХажШЦм -391,497000 589,134000 Человек 1668624732,512000
DIqцCGE -257,296000 -76,405000 Здание 1670174313,958000
DSJSРKе 869,931000 697,728000 Машина 1645390450,299000
DuЁОl -53,419000 46,173000 Человек 1676854331,996000
EUwюPэкЪf -746,511000 547,559000 Дерево 1664433319,168000
EкАOЙa 372,668000 -759,914000 Здание 1671357773,920000
FСваяфГШШц 59,858000 471,645000 Человек 1665623733,136000
FйqТГОцП -353,504000 226,473000 Здание 1687652000,010000
Fйлшм 508,386000 -545,978000 Здание 1676819136,872000
FкLЪЕХТгюю 563,020000 92,201000 Машина 1654230956,950000
FсфлQWOХ 393,457000 -305,189000 Человек 1633471669,687000
GYБЧюжm -446,124000 -702,571000 Машина 1646656603,221000
HFxОktjVq 855,006000 -805,679000 Человек 1655190125,596000
HOwХE 138,412000 -995,395000 Человек 1688584574,270000
HкTmЛgV -550,631000 -559,861000 Здание 1658465176,243000
HтrыртxЕW -775,630000 -445,241000 Дерево 1664197805,321000
IЧяOцt 926,067000 753,120000 Машина 1656359247,335000
IиЖnьЪмБey 340,102000 -80,775000 Человек 1680440261,546000
KIRрg -594,562000 -267,475000 Человек 1659205951,609000
KzНSёбжЫД -864,269000 795,092000 Здание 1685358216,781000
KЁЭшн 591,112000 233,068000 Дерево 1661903352,151000
MмХПЕjB -674,271000 858,065000 Здание 1662004784,490000
NOTЯЯй 541,859000 -664,949000 Дерево 1631097547,769000
NdkЙУцУ -799,102000 -418,727000 Человек 1662821441,153000
NРяЯЕлЬ 448,660000 -243,380000 Здание 1689709063,653000
OXFSАRгяdR -375,671000 410,767000 Машина 1634792217,376000
OeWЛQrнР -405,829000 753,995000 Машина 1646106728,967000
OoГFО 529,196000 -601,750000 Человек 1634574161,380000
Oqyхm 455,415000 413,600000 Здание 1679722492,422000
OьВML 614,822000 -97,859000 Здание 1671970163,447000
OюНчPdю -309,184000 318,204000 Машина 1656682739,015000
PДФъyыwaб -923,692000 -509,505000 Дерево 1673640587,902000
PИКlмиЬQU 751,504000 881,994000 Здание 1675101632,276000
QEvхлКSyмU 790,482000 -210,463000 Дерево 1637881072,588000
QHGHHszWОд 482,270000 343,225000 Машина 1674981474,463000
QfжCqь -915,500000 -968,385000 Дерево 1669025129,100000
QкCшovРч -676,205000 768,444000 Дерево 1677447543,048000
RIHшгпGwW 601,101000 -139,895000 Здание 1675537844,842000
RdDяДЧ 654,764000 433,699000 Машина 1650084921,363000
RlЕpдтBЖ 681,897000 -983,737000 Здание 1679906141,881000
RyиwrcV -592,376000 634,132000 Дерево 1649048926,205000
SqцчcьЯь 580,828000 -106,357000 Здание 1679792592,811000
SдRЁцIЛП -124,942000 648,248000 Дерево 1631484236,260000
TnйэчУ -832,114000 991,296000 Машина 1668122845,453000
TЦпРИE 471,655000 1,503000 Дерево 1667797227,149000
TкИeXFSЕa 690,305000 609,943000 Дерево 1682585349,611000
UlюЫфIIвЕ 548,760000 -568,280000 Машина 1632454966,153000
UсTDtCHмьS -795,382000 -432,298000 Машина 1631253004,594000
VDлаnсНrщУ 14,742000 779,715000 Дерево 1666135298,025000
VшчcУNEO 376,356000 -915,016000 Машина 1692048348,629000
WцAцт -398,269000 -718,683000 Человек 1630755717,967000
XWтмe -770,499000 -417,412000 Дерево 1638253041,646000
XЩGQoДЬB 306,023000 770,047000 Машина 1652417034,283000
XЪоMI 934,992000 663,200000 Здание 1631109657,045000
YqХyс 722,992000 -452,553000 Человек 1691006134,313000
YrЯfвGёЁШ -382,376000 -418,479000 Дерево 1661268615,842000
ZkVqZk 602,563000 -714,050000 Здание 1637595158,629000
ZЮdЪWжLШ -427,128000 -134,660000 Здание 1684456459,466000
ZмтНА -776,464000 -616,059000 Здание 1645548610,482000
aTгtAиЖTCЕ 304,877000 363,548000 Человек 1647516163,779000
askфоЗXSa -147,738000 135,772000 Машина 1689189200,690000
aБъОYвVZv -592,667000 987,599000 Дерево 1651429241,455000
aЩКоЁLА -498,133000 860,483000 Здание 1654782216,423000
aтqЁotг 370,662000 -117,334000 Машина 1638398731,781000
bcAсN 399,840000 322,071000 Человек 1647554224,780000
bwраНЭ 619,784000 416,527000 Машина 1658985207,112000
cjOЛЗчЙ 21,123000 866,584000 Дерево 1691806110,490000
cДLbнЭlшм 103,655000 -32,652000 Дерево 1654511918,419000
cЙjOЭб 721,127000 411,299000 Машина 1685259262,098000
duкёШгИВT 45,172000 112,605000 Дерево 1648262213,258000
dпFCВ 286,744000 795,497000 Дерево 1664400105,945000
eHcbщ -213,394000 589,265000 Дерево 1632155775,358000
fъRDъжНЭУ 820,368000 169,408000 Машина 1685147264,377000
gGzвЭУёGXй 778,181000 678,976000 Дерево 1652014355,641000
gLЫrgUXЯД 32,929000 827,740000 Человек 1655832455,091000
gиVmkьO 10,367000 -542,560000 Человек 1680227109,140000
gъмСM 719,199000 -618,707000 Машина 1678854196,653000
hMйЬCИaчK 778,520000 319,818000 Дерево 1684640346,037000
iXFкtсеЙЮ -367,027000 810,121000 Человек 1656016807,349000
iЕjжФёi 345,556000 675,660000 Здание 1678112097,390000
iКUCuU 540,242000 67,888000 Дерево 1635205621,883000
iПrhЛA 212,387000 754,382000 Здание 1632561111,078000
iЦyFьDjkxл -150,534000 -704,114000 Человек 1670884372,676000
iйJУЗУrаR 492,857000 456,378000 Машина 1679936920,909000
iсLкшоsю 46,331000 -883,702000 Здание 1640493805,188000
jAбOЩМKу -945,653000 672,340000 Человек 1634594997,582000
jДgTтнCbё -903,305000 497,664000 Здание 1673698622,140000
jекйVйzFi -988,180000 836,188000 Машина 1686466248,825000
jхрЫбR -153,440000 -950,687000 Дерево 1686412301,261000
kNQXрВuГ 510,190000 -257,538000 Человек 1692464404,938000
kmкvLie -584,562000 616,689000 Дерево 1682432359,422000
kЖвЧГovY 27,410000 280,675000 Здание 1656861931,244000
lIДЦpИxягк -158,475000 -868,431000 Здание 1668957360,467000
lБХЪвF -484,989000 -266,145000 Машина 1683681475,955000
lщйЦЩhVч 717,507000 -237,401000 Машина 1645302915,129000
lяЖьJкmHжт -607,310000 -370,660000 Здание 1631632073,532000
mРhБЬУКуЦ -216,822000 67,512000 Машина 1640209010,714000
nglEмopЛ 371,578000 -346,442000 Человек 1685261692,571000
nlПцУwыК -373,212000 804,727000 Машина 1672313505,583000
nЭьюЫАEВxH 455,210000 -14,977000 Человек 1635302952,519000
oвзZtQЁЗьы -946,750000 -693,255000 Машина 1632604567,190000
oэФЙwieVфB 394,030000 -20,118000 Дерево 1691556977,581000
pHууMЦjm 677,391000 401,193000 Человек 1635448779,276000
pWTИсЙ 36,101000 -438,340000 Здание 1685521400,065000
pЩёТГeo 10,415000 -529,012000 Дерево 1667868593,080000
qbЛurбэlCM -797,477000 472,065000 Здание 1650560159,405000
qxРеsОёоi -819,238000 -520,076000 Машина 1658516195,804000
reгЯLXвЧ 695,947000 -123,257000 Человек 1634729953,592000
rlGютЙM 51,316000 840,696000 Дерево 1646294129,823000
rЙidxA 793,085000 677,948000 Машина 1653879739,914000
rкКNъГвНS -632,883000 371,102000 Здание 1678264582,653000
sBмlрЁЬСУщ 91,365000 -988,029000 Машина 1650606987,476000
sEpпymХ 38,367000 -993,577000 Дерево 1631508776,526000
sPckшSБ 39,134000 993,938000 Дерево 1632451316,419000
sleДып -894,296000 -687,842000 Дерево 1646933002,489000
sxГNавр 888,045000 614,754000 Дерево 1665037857,208000
sЦeьz -106,231000 324,940000 Машина 1644815897,167000
sЦЫLъбLкВ -195,156000 585,114000 Человек 1653451989,478000
tWъeБь -491,079000 -378,714000 Машина 1689137791,561000
tчnqфЩ -68,248000 -653,398000 Машина 1644783155,895000
uBZmАnnОЬ -244,090000 512,841000 Машина 1667262255,436000
uxiIt 389,468000 -676,290000 Здание 1683751720,314000
vЙЁфЭПMsЯ 65,627000 -260,257000 Дерево 1643665595,090000
vШшNТлuI 53,396000 -930,565000 Человек 1671751500,246000
wКТЗёq 854,414000 499,978000 Здание 1684695502,624000
xARuзjбхPЯ 401,629000 -678,974000 Человек 1687034978,608000
xSnUwлJъZ 110,506000 964,029000 Дерево 1684838993,321000
xСsЮq -131,814000 -976,502000 Здание 1653239138,742000
xёKМcМ 749,059000 -467,690000 Человек 1660534826,793000
yOuEз -346,128000 143,537000 Машина 1671275833,317000
yeYftPВ -200,637000 544,824000 Дерево 1673561825,980000
yzыlйАyйж -730,596000 406,989000 Человек 1661915049,577000
yсypо 179,081000 891,574000 Дерево 1639585223,560000
yыcТЙр 548,965000 828,954000 Здание 1641158990,085000
zygosrTй 939,223000 -546,843000 Дерево 1641879913,273000
ЁЦjBVzАВ 911,711000 -930,699000 Машина 1633279858,796000
ЁЬOVЪnрюПТ 815,436000 -978,493000 Человек 1645082864,464000
ЁьНFпaZЛW -238,158000 -39,217000 Дерево 1692573581,248000
ёDZRУ 806,310000 630,594000 Машина 1644205780,627000
ёSЭЖВ -80,921000 717,988000 Дерево 1680936195,151000
ёyNtrM 876,855000 -344,255000 Машина 1641207852,400000
ёЬЭйLзЬМJ -302,866000 -558,442000 Машина 1668391056,671000
ёщКVг 547,376000 120,831000 Здание 1640843951,454000
АIэзДтШг 510,604000 -870,530000 Дерево 1673338140,168000
АюqуыrjтБE -543,389000 484,645000 Человек 1634285533,922000
аЖxъuКVN -609,846000 483,245000 Дерево 1687309083,592000
аНRДJIЕecB -608,379000 -402,572000 Дерево 1666690621,228000
бqэЧfFИЮ 373,136000 -720,881000 Человек 1673852648,857000
биbКUДуud 76,301000 679,192000 Здание 1687352326,691000
бнSзК 735,916000 854,578000 Человек 1635329774,750000
ВТVxиг -700,041000 -155,991000 Человек 1642998135,989000
вFDиaё 110,144000 -635,138000 Дерево 1682569324,428000
вТGХYЛdнKY 469,622000 742,735000 Человек 1675258109,093000
вмЕwМЖ -582,352000 223,334000 Здание 1648935888,635000
ГlЕAwAЖz 678,667000 -842,119000 Человек 1647427346,975000
гQкPVnOяaw 190,274000 192,375000 Здание 1655825401,183000
гxJEЁd 291,502000 -431,967000 Человек 1644072946,033000
гяcXsХ -726,984000 -216,078000 Человек 1658043435,834000
ДpWIоwсwвр -973,854000 808,032000 Здание 1682484268,999000
ДpТOДz -440,978000 -615,396000 Здание 1649333602,917000
ДРйpСh -107,829000 -753,247000 Дерево 1678851767,980000
ДЫюНfЙOЗ -508,702000 377,536000 Здание 1635279251,509000
ДфOealgд 562,865000 -164,248000 Здание 1672366109,523000
дKЁьj 708,380000 914,936000 Машина 1687817854,650000
дMуЖH -225,425000 -906,928000 Человек 1681022396,357000
дoSsmseИ -73,375000 363,957000 Машина 1684899836,710000
дtэJОdmГA 121,824000 831,916000 Машина 1669945700,978000
дvЬvvлT -38,966000 254,577000 Дерево 1670530060,293000
дЩЦШЗVbъ -771,612000 638,106000 Дерево 1682132472,880000
дЪRrПлQЯфT 647,531000 -670,720000 Здание 1671475266,188000
ЕчqAдzтIK -488,527000 -516,129000 Дерево 1635843951,069000
егLрСЪЛ 232,923000 -947,966000 Дерево 1682905949,956000
еяуtyЁёз -234,878000 593,535000 Машина 1686044759,249000
ЖЯюgВZюшcф -354,035000 355,710000 Дерево 1658830173,933000
жOйIБpЧГвъ -853,153000 -303,287000 Здание 1650930978,477000
жgЬuCмРFШП -985,789000 6,610000 Машина 1665243323,642000
ЗdьЧКёIз -438,830000 -483,338000 Здание 1647535113,575000
ЗoГoыUTЦ 83,151000 -851,984000 Здание 1655300734,057000
ЗxLЪVLЩкIз -512,125000 865,394000 Дерево 1648563869,933000
зAРНй -370,533000 220,675000 Человек 1636769210,787000
зIвСyТУY 597,720000 603,459000 Здание 1653081796,618000
зnYщgMUЯX 204,584000 -724,831000 Человек 1651944608,447000
зqюОmRl 230,924000 678,471000 Человек 1675510269,062000
зswсОY 438,118000 -387,837000 Дерево 1644113535,967000
зЯмpdыOЛё -914,043000 939,705000 Здание 1690379909,742000
иWIrDWЮ -158,797000 -905,133000 Машина 1636961225,207000
иuЭCOHоY -860,372000 -624,314000 Дерево 1682002915,091000
иЕWоOfCt -439,281000 -255,603000 Человек 1648836065,412000
иЕжTРRQ 114,744000 630,013000 Дерево 1656893062,817000
иЧМЖЖrгщm 368,039000 348,281000 Здание 1676545910,736000
изьЭsхwЬ -790,415000 438,508000 Здание 1636865264,856000
иъщPK 705,745000 -941,656000 Дерево 1658150307,822000
ЙRcWm 898,229000 -488,556000 Дерево 1692157102,602000
йоЪBЮ 835,848000 -800,876000 Человек 1638018076,444000
йфaNugпOvg -776,896000 -532,381000 Человек 1679568622,950000
йчДЭтB 371,042000 -89,452000 Здание 1646896266,026000
йчтШй 220,513000 -947,391000 Человек 1654877445,175000
КеJtГъx -983,892000 -360,187000 Здание 1651578442,594000
КмТпbЗ -232,746000 802,905000 Дерево 1651775501,004000
кJвXрWy 338,799000 672,393000 Машина 1670969611,398000
кМХЬЧKRзm -505,055000 -978,259000 Здание 1671091971,257000
кпmWОт 135,090000 131,110000 Человек 1673379134,146000
кчKЬк 560,060000 14,412000 Здание 1657576891,959000
ЛЗёInNEn -780,333000 -783,410000 Машина 1656098315,474000
лjcNЮЩнЫс 844,129000 703,317000 Человек 1658523879,851000
лушqZ 580,650000 646,353000 Здание 1665008105,808000
МEgяСdиW 126,517000 -806,180000 Человек 1693686429,840000
мLПJДч 158,765000 -125,241000 Здание 1653236740,809000
мзЁНмla -572,793000 -733,519000 Дерево 1684157326,235000
мяmМЮzъВ -740,189000 604,161000 Дерево 1679860098,297000
НFТfяRмЖDz -29,588000 -365,101000 Дерево 1690823747,232000
НБсAбDК -322,983000 150,326000 Машина 1648754777,381000
НгкIyFёXe -838,690000 76,733000 Здание 1647525208,801000
Нгэpk -644,490000 427,744000 Дерево 1690857138,587000
нУZgЬДgЩH 305,774000 776,436000 Здание 1651108361,830000
ОЁеипCФё 223,389000 142,183000 Дерево 1640954096,428000
оRёйиYлИP -318,418000 188,621000 Дерево 1683398854,451000
оtЕОZMBкЮ -142,369000 -790,754000 Машина 1690376692,149000
Пuгhm 315,267000 383,834000 Человек 1643062823,944000
ПгЁрlbп -15,318000 441,282000 Здание 1645845860,655000
пЕФbUЬ 463,905000 695,488000 Машина 1649465432,766000
РYЯнyuЪсУd -942,636000 -286,214000 Здание 1673423951,799000
РqЩuЫ 684,291000 794,260000 Человек 1638502187,673000
РuемDзYА -824,010000 949,143000 Здание 1680720478,424000
рIцBбupkА 13,480000 -794,107000 Человек 1645014532,807000
рYуjuд 691,410000 -921,794000 Машина 1644157668,075000
СuCчЖxlтi 650,312000 -705,257000 Дерево 1653235411,943000
СЯцЩгОbЕо -529,631000 343,975000 Человек 1634440426,980000
ТbОYHБфHОz -423,910000 322,964000 Человек 1673362151,465000
ТфлdVSmБОe 85,095000 213,531000 Дерево 1687324292,283000
ТъчnЕ 811,931000 -338,174000 Машина 1650247429,680000
тDHоПbшпz 96,493000 -902,499000 Человек 1657713399,508000
твЁВПCеW 868,199000 -173,683000 Человек 1683760607,381000
УaOehqХc 37,157000 -946,712000 Дерево 1646751144,500000
УdжСзR 393,062000 -181,163000 Машина 1657602336,239000
УПrфПЦRщvN -993,896000 -553,399000 Здание 1673846575,107000
уФaLcЖ 720,262000 282,911000 Здание 1635846930,226000
увvВОВОG -652,367000 470,039000 Человек 1640793931,524000
ууCКтМр 942,803000 167,854000 Машина 1641582813,967000
ФpnУжкОРЖU 77,780000 -907,017000 Дерево 1632026199,144000
ФsБпМo -613,914000 202,093000 Здание 1639392883,449000
фЬбаbB -799,721000 -581,266000 Человек 1646111938,571000
фЭрПЦЙъc -202,197000 -398,261000 Машина 1659969374,410000
фбfOyЮоJ -364,106000 -323,978000 Машина 1655713311,577000
хAБneaЩДОБ 246,931000 -868,011000 Здание 1656543242,403000
хjsfдпХе 361,734000 -836,845000 Машина 1630897973,132000
хчEeШб 693,268000 -299,088000 Машина 1677031360,809000
ЦлДzГ -295,472000 -354,795000 Здание 1685574375,963000
ЧЁьCTFhЩ 634,169000 197,932000 Здание 1651567759,806000
ЧёяеMН 70,630000 -429,113000 Здание 1630690248,532000
чKсnHqу 241,302000 374,122000 Человек 1661792716,719000
чeeWЗ 75,113000 123,094000 Человек 1660562995,399000
чzGпpGеъ -424,449000 784,299000 Здание 1632491960,902000
чЛbнЖvЯг -385,001000 128,179000 Машина 1659617170,621000
ШыmЭЬеjAi 367,778000 -98,119000 Здание 1661237177,314000
шУnимl 296,368000 99,517000 Дерево 1680464945,520000
шЪДЬЕЮZТзQ 420,102000 -715,045000 Машина 1689773663,292000
ЩIЮkвД 720,124000 -292,735000 Дерево 1676573859,619000
ЩNЭvNКГвя 385,073000 194,388000 Здание 1690310287,603000
ЩpВIKДЙу 803,767000 -943,067000 Здание 1631272613,070000
ЩШEыдНЁ -318,469000 718,184000 Здание 1680964227,853000
ЩЬЩrOщБЙjЬ -771,825000 -800,225000 Здание 1667570114,415000
ЩтEjл 145,072000 398,025000 Здание 1668236971,757000
щTТцАq -461,081000 64,439000 Дерево 1632004679,708000
щdРYUFёГ -647,998000 439,858000 Человек 1654185792,461000
щvкTiяЙlх -670,164000 -979,326000 Дерево 1632455638,863000
щдWJJЪ 759,277000 376,705000 Дерево 1678487931,820000
ЪJбkvИБF 464,093000 -317,258000 Машина 1672988751,006000
ЪmАдж -785,790000 297,974000 Здание 1657429560,720000
ЪЪLгhтз -872,232000 -446,589000 Человек 1687104641,928000
ЪтRWх 48,255000 494,221000 Человек 1632709086,605000
ЪъmлЪ 945,513000 542,422000 Машина 1640793221,650000
ъюЧйZЯ 364,145000 -856,201000 Дерево 1634898668,470000
ЫDЪdtgeжIШ -771,108000 -586,412000 Здание 1641372880,800000
ЫГыяЕШнtБ 89,529000 -427,288000 Человек 1658960646,393000
ыFqEz 372,693000 263,867000 Человек 1630773736,464000
ыgЮXDлCНOo -546,173000 -919,305000 Здание 1683065691,234000
ыхXMCушлб 621,956000 -49,745000 Человек 1665558673,732000
ыёВРIгH 731,357000 -556,355000 Человек 1653192271,524000
ЬCuHЛхЬBй 433,110000 577,204000 Дерево 1643301720,338000
ЬфаriuT 951,288000 541,150000 Машина 1633783423,709000
ьqyНЩjBWя -564,276000 -417,043000 Здание 1679953689,710000
ьЗXрзgR 295,130000 11,375000 Человек 1664903474,385000
ьЫАxкМи 429,820000 327,948000 Человек 1687169180,853000
ьчКХpmС -757,223000 -569,571000 Здание 1650131982,397000
ЭbЫлЙы -213,558000 383,413000 Человек 1667828058,085000
ЭcWЁBт -25,947000 -599,830000 Здание 1677533863,520000
эНжcМlвRц -118,057000 746,205000 Человек 1673875539,924000
эуКБтoDMМ 672,006000 280,579000 Машина 1652420105,486000
ЮИЗFfx -698,441000 236,209000 Здание 1680128874,525000
ЮлmМЮ 906,691000 93,338000 Дерево 1680642248,783000
юYIpoгgJj -87,402000 605,383000 Дерево 1635315671,555000
юЕХБН -972,157000 -157,615000 Здание 1645565661,078000
ЯOЯфшсьP -991,497000 -665,367000 Дерево 1630812692,238000
ЯPыЩбЩТ -503,261000 521,330000 Человек 1647447203,881000
ЯbVушRWЩв 146,743000 256,374000 Машина 1688435462,266000
ЯрaXГЯ -258,523000 849,986000 Дерево 1686346955,624000
яЛpCГыъ 338,047000 -294,272000 Машина 1664305046,905000
